Australia,Canada,China,Denmark,Finland,France,Germany,Hong Kong,India,Indonesia,Italy,Japan,Malaysia,Mexico,Norway,Philippines,Saudi Arabia,Singapore,Spain,Sweden,Taiwan,Thailand,UAE,UK,USA,Vietnam
,,,,,,,,,,,,,,,,,24,,,,,,,,
,,85,,,,,,,54,,,55,,,62,,,,,,73,,,,
,,,,,,,90,,,,,,,,,,,,,84,,,,,
,,,,,,,,,,,,,,,,,22,,,,,,,,
,,,,,,,,,,,,,,,,,,,,,,,1,,
,,87,,,,,,,61,,,55,,,61,,,,,,74,,,7,
,,,,,,,85,,,,,,,,,,,,,85,,,,,
,,,,,,2,,,,,,,,,,,,,,,,,,,
,,,,,,,,,,,,,,,,,23,,,,,,,,
,,86,,,,,,,47,,,53,,,59,,,,,,73,,,,
,,,,,5,,85,,,,,,,,,,,,,84,,,,,
,,,,,,,,,,26,,,,,,,,,,,,,,,
,,,,,,,,,,,,,,,,,,5,,,,,,,
,,,,,6,,,,,,,,,,,,21,,,,,,1,,
10,,,,,,,,,,,,,,,,,,,,,,,,,
,,83,1,1,,1,,43,48,,,55,,3,59,,,,1,,71,,,,
,6,,,,,,86,,,,62,,17,,,,,,,80,,,,5,
,,,,,,,,,,,,,,,,35,,,,,,39,,,
,,,,,,,,,,59,,,,,,,,25,,,,,,,
,,,,,12,,,46,,,,,,,,,24,,,,,,2,,
13,,,,,,,,,,,,,,,,,,,,,,,,,
,9,86,1,1,,3,,,59,,,69,21,3,76,,,,1,,80,,,11,59
,,,,,,,88,,,,62,,,,,,,,,87,,,,,
,,,,,,,,,,70,,,,,,47,,42,,,,44,,,
,,,,,22,,,65,,,,,,,,,27,,,,,,6,,
20,,,2,2,,,,,,,,,,4,,,,,1,,,,,,
,16,83,,,,7,,,71,,67,77,28,,82,,,,,,89,,,17,85
,,,,,,,89,,,,,,,,,,,,,87,,,,,
,,,,,,,,,,,,,,,,54,,,,,,63,,,
,,,,,,,,,,,,,,,,,,45,,,,,,,
,,,,,25,,,71,,75,,,,,,,37,,,,,,7,,
23,,,3,5,,,,,,,,,,1,,,,,1,,,,,,
,18,85,,,,14,,,70,,73,82,37,,84,,,,,,86,,,29,85
,,,,,,,88,,,,,,,,,48,,,,89,,54,,,
,,,,,,,,,,,,,,,,,,56,,,,,,,
,,,,,,,,,,82,,,,,,,,,,,,,,,
,,,,,38,,,79,,,,,,,,,73,,,,,,,,
26,,,2,4,,,,,,,,,,9,,,,,10,,,,,,
,16,89,,,,17,,,79,,76,80,46,,83,,,,,,90,,,49,84
,,,,,,,90,,,,,,,,,59,,,,89,,79,10,,
,,,,,,,,,,85,,,,,,,,65,,,,,,,
,,,,,43,,,84,,,,,,,,,85,,,,,,11,,
27,,,3,3,,,,,,,,,,6,,,,,6,,,,,,
,31,82,,,,24,,,81,,81,83,60,,81,,,,,,90,,,58,82
,,,,,,,88,,,,,,,,,,,,,88,,,,,
,,,,,,,,,,,,,,,,60,,,,,,80,,,
,,,,,,,,,,89,,,,,,,,66,,,,,,,
,,,,,47,,,81,,,,,,,,,90,,,,,,13,,
24,,,3,3,,,,,,,,,,5,,,,,4,,,,,,
,41,90,,,,38,,,79,,84,86,67,,83,,,,,,88,,,63,87
,,,,,,,88,,,,,,,,,,,,,88,,,,,
,,,,,,,,,,,,,,,,56,,,,,,78,,,
,,,,,,,,,,87,,,,,,,,72,,,,,,,
,,,,,56,,,82,,,,,,,,,90,,,,,,13,,
25,,,5,7,,,,,,,,,,7,,,,,2,,,,,,
,,88,,,,62,,,84,,86,85,,,84,63,,,,,87,80,,,86
,,,,,,,90,,,,,,,,,,,,,87,,,,,
,,,,,,,,,,,,,,,,,,,,,,,18,,
,,,,,76,,,,,,,,,,,,,84,,,,,,,
,,,,,,,,,,,,,,,,,,,,,,,20,,
18,,,,,,,,,82,,,,,,,,92,,,,,,,,
,,,3,,,64,87,,,,,85,,5,82,,,,4,86,86,,,,79
,49,83,,,,,,,,85,,,,,,,,,,,,,,68,
,,,,,79,,,,,,,,,,,,,,,,,,,,
,,,,,,,,,,,,,,,,,,86,,,,,,,
,,,,,,,,,,,,,,,,,,,,,,,21,,
,,,,,,,,,,,,,,,,,,,,,,,,69,
,,,,,,,,,,86,,,,,,,,,,,,,,,
,,,,,,,,,,,,,,,,72,,,,,,81,,,
,,,,,77,,,,,,,,,,,,,,,,,,,,
17,,,,,,,,,,,,,,,,,89,,,,,,21,,
,,83,,,,,90,,84,,,88,,,84,,,86,,81,84,,,66,80
,,,,,,,,,,,,,,,,,,,5,,,,,,
,,,,,,,,,,85,,,,,,73,,,,,,79,,,
,58,,,,,,,,,,,,,,,,,,,,,,,,
,,,,,75,,,,,,,,,,,,,87,,,,,,,
,,,,,,,,,,,,,,,,,,,,,,,,69,
,,,,,,,,,,,,,,,,,,,6,,,,27,,
,,,,,78,,,,,84,,,,,,71,,,,,,80,,,
,,,4,,,64,,,,,,,,,,,,,,,,,,,
21,,,,,,,,,,,,,,,,,92,,,,,,,,
,,,,7,,,,,,,,,,,,,,,,,,,,,
,,,,,,,,,,,,,,,,,,80,,,,,,,
,,82,,,,,86,,85,,,89,,,82,,,,,85,84,,,71,78
,,,,,,,,,,81,,,,,,,,,,,,,,,
,,,,,78,,,,,,,,,,,,,,,,,,,,
,,,,,,,,,,,,,,,,,,86,,,,,31,,
,60,,,,,,,,,,,,,,,,,,,,,,,,
,,,,,78,,,,,,,,,,,,,,,,,,,,
,,,,,,65,,,,,,,,,,,,,,,,,,,
20,,,,,,,,,,,,,,,,,,,,,,,36,,
,,,,,,,,,,,,,,,,,,,,,,79,,,
,,82,,,,,86,,85,,,86,,,84,,,,,81,83,,,73,74
,60,,,,,,,,,83,,,,,,,90,,,,,,,,
,,,,,,,,,,,,,,,,,,88,,,,,,,
,,,,,,,,,,,,,,,,,,,,,,,38,,
,,,,,,,,,,,,,,,,75,,,,,,81,,,
,,,,,,,,,,85,,,,,,,,,,,,,,78,
,,,,,79,66,,,,,,,,,,,,86,,,,,,,
,,80,,,,,,,85,,,85,,,84,,92,,,80,88,,,74,79
,74,,,,,,86,,,84,,,,,,,,,,,,80,,,
,,,,,83,,,,,,,,,,,,,,,,,,,,
,,,,,,,,82,,,,,,,,,,88,,,,,,,
,,,,,,,,,,,,,,,,,,,,,,,57,,
